[gd_scene load_steps=10 format=3 uid="uid://dy5gyte3ur6p5"]

[ext_resource type="PackedScene" uid="uid://c3kkcbtm35njv" path="res://Characters/enemies/monster.tscn" id="1_2wmoh"]
[ext_resource type="PackedScene" uid="uid://dna08pf3shke2" path="res://Characters/enemies/reptile_monster/reptilemonster.glb" id="2_v02u5"]
[ext_resource type="PackedScene" uid="uid://cw3d12rlm6v0w" path="res://Characters/hit_box.tscn" id="3_7hmcl"]

[sub_resource type="CapsuleShape3D" id="CapsuleShape3D_uikmi"]
radius = 0.274243
height = 1.08964

[sub_resource type="BoxShape3D" id="BoxShape3D_pxn87"]
size = Vector3(0.253223, 0.266754, 0.569458)

[sub_resource type="CapsuleShape3D" id="CapsuleShape3D_ml7rj"]
radius = 0.0723432
height = 0.575973

[sub_resource type="CapsuleShape3D" id="CapsuleShape3D_s6aeb"]
radius = 0.122038
height = 0.575973

[sub_resource type="CapsuleShape3D" id="CapsuleShape3D_1scht"]
radius = 0.0708413
height = 0.575973

[sub_resource type="CapsuleShape3D" id="CapsuleShape3D_ejrtt"]
radius = 0.0723432
height = 0.60032

[node name="ReptileMonster" instance=ExtResource("1_2wmoh")]

[node name="reptilemonster" parent="Graphics" index="0" instance=ExtResource("2_v02u5")]

[node name="Skeleton3D" parent="Graphics/reptilemonster/Armature" index="0"]
bones/1/rotation = Quaternion(-0.0508511, -1.19055e-07, 6.06192e-09, 0.998706)
bones/2/rotation = Quaternion(-0.0159527, 0.0119727, 0.940191, -0.340064)
bones/4/rotation = Quaternion(0.015953, 0.0119728, 0.940191, 0.340064)
bones/4/scale = Vector3(1, 1, 1)
bones/5/rotation = Quaternion(0.341651, 0.0318196, 0.072225, 0.936507)
bones/6/rotation = Quaternion(0.109395, 0.216951, 0.969592, -0.0292533)
bones/6/scale = Vector3(0.999999, 1, 0.999998)
bones/7/rotation = Quaternion(-0.189951, 0.00372251, -0.0376172, 0.981066)
bones/8/rotation = Quaternion(-0.109396, 0.216951, 0.969592, 0.0292538)
bones/8/scale = Vector3(0.999999, 1, 0.999998)
bones/9/rotation = Quaternion(-0.189951, -0.00372251, 0.0376172, 0.981066)

[node name="Body" type="BoneAttachment3D" parent="Graphics/reptilemonster/Armature/Skeleton3D" index="1"]
transform = Transform3D(1, 3.55271e-15, -2.38419e-07, -2.5024e-08, 0.994477, -0.104958, 2.37102e-07, 0.104958, 0.994477, 2.84689e-18, 1.20205, -0.042127)
bone_name = "body"
bone_idx = 1

[node name="HitBox" parent="Graphics/reptilemonster/Armature/Skeleton3D/Body" index="0" instance=ExtResource("3_7hmcl")]

[node name="CollisionShape3D" parent="Graphics/reptilemonster/Armature/Skeleton3D/Body/HitBox" index="0"]
transform = Transform3D(1, -5.32907e-15, 5.68434e-14, 0, 0.996195, 0.0871558, 0, -0.0871558, 0.996195, 2.13602e-08, 0.00945556, 0.0895913)
shape = SubResource("CapsuleShape3D_uikmi")

[node name="Head" type="BoneAttachment3D" parent="Graphics/reptilemonster/Armature/Skeleton3D" index="2"]
transform = Transform3D(1, 3.55271e-15, -2.38419e-07, -2.5024e-08, 0.994477, -0.104958, 2.37102e-07, 0.104958, 0.994477, 2.84689e-18, 1.20205, -0.042127)
bone_name = "body"
bone_idx = 1

[node name="HitBox" parent="Graphics/reptilemonster/Armature/Skeleton3D/Head" index="0" instance=ExtResource("3_7hmcl")]
weak_spot = true

[node name="CollisionShape3D" parent="Graphics/reptilemonster/Armature/Skeleton3D/Head/HitBox" index="0"]
transform = Transform3D(1, -3.55271e-14, 3.42482e-12, 0, 0.99091, -0.13454, 0, 0.13454, 0.99091, 0.00036133, 0.624397, 0.27744)
shape = SubResource("BoxShape3D_pxn87")

[node name="UpperarmL" type="BoneAttachment3D" parent="Graphics/reptilemonster/Armature/Skeleton3D" index="3"]
transform = Transform3D(-0.768204, 0.639068, -0.0381405, -0.634004, -0.767684, -0.0932756, -0.0888892, -0.0474735, 0.99491, 0.218738, 1.59086, 0.0117653)
bone_name = "upper_arm.l"
bone_idx = 2

[node name="HitBox" parent="Graphics/reptilemonster/Armature/Skeleton3D/UpperarmL" index="0" instance=ExtResource("3_7hmcl")]

[node name="CollisionShape3D" parent="Graphics/reptilemonster/Armature/Skeleton3D/UpperarmL/HitBox" index="0"]
transform = Transform3D(1, -5.32907e-15, 5.68434e-14, 0, 0.996195, 0.0871558, 0, -0.0871558, 0.996195, 2.13602e-08, 0.109075, 0.0808757)
shape = SubResource("CapsuleShape3D_ml7rj")

[node name="UpperlegL" type="BoneAttachment3D" parent="Graphics/reptilemonster/Armature/Skeleton3D" index="4"]
transform = Transform3D(-0.974353, 0.104194, 0.199445, -0.0552489, -0.969979, 0.236828, 0.218133, 0.219736, 0.950858, 0.123436, 0.961497, 1.56462e-07)
bone_name = "upper_leg.l"
bone_idx = 6

[node name="HitBox" parent="Graphics/reptilemonster/Armature/Skeleton3D/UpperlegL" index="0" instance=ExtResource("3_7hmcl")]

[node name="CollisionShape3D" parent="Graphics/reptilemonster/Armature/Skeleton3D/UpperlegL/HitBox" index="0"]
transform = Transform3D(1, -5.32907e-15, 5.68434e-14, 0, 0.999672, 0.0256186, 0, -0.0256186, 0.999672, 2.08946e-08, 0.199979, 0.00022307)
shape = SubResource("CapsuleShape3D_s6aeb")

[node name="LowerlegL" type="BoneAttachment3D" parent="Graphics/reptilemonster/Armature/Skeleton3D" index="5"]
transform = Transform3D(-0.978013, -0.0485491, 0.20281, 0.0195293, -0.989571, -0.14271, 0.207624, -0.135611, 0.968761, 0.175063, 0.48088, 0.108877)
bone_name = "lowerleg.l"
bone_idx = 7

[node name="HitBox" parent="Graphics/reptilemonster/Armature/Skeleton3D/LowerlegL" index="0" instance=ExtResource("3_7hmcl")]

[node name="CollisionShape3D" parent="Graphics/reptilemonster/Armature/Skeleton3D/LowerlegL/HitBox" index="0"]
transform = Transform3D(1, -5.32907e-15, 5.68434e-14, 0, 0.999672, 0.0256186, 0, -0.0256186, 0.999672, 2.08946e-08, 0.199979, 0.00022307)
shape = SubResource("CapsuleShape3D_1scht")

[node name="LowerlegR" type="BoneAttachment3D" parent="Graphics/reptilemonster/Armature/Skeleton3D" index="6"]
transform = Transform3D(-0.978013, 0.0485482, -0.202811, -0.0195284, -0.989572, -0.14271, -0.207625, -0.13561, 0.968761, -0.175064, 0.48088, 0.108877)
bone_name = "lowerleg.r"
bone_idx = 9

[node name="HitBox" parent="Graphics/reptilemonster/Armature/Skeleton3D/LowerlegR" index="0" instance=ExtResource("3_7hmcl")]

[node name="CollisionShape3D" parent="Graphics/reptilemonster/Armature/Skeleton3D/LowerlegR/HitBox" index="0"]
transform = Transform3D(1, -5.32907e-15, 5.68434e-14, 0, 0.999672, 0.0256186, 0, -0.0256186, 0.999672, 2.08946e-08, 0.199979, 0.00022307)
shape = SubResource("CapsuleShape3D_1scht")

[node name="UpperlegR" type="BoneAttachment3D" parent="Graphics/reptilemonster/Armature/Skeleton3D" index="7"]
transform = Transform3D(-0.974353, -0.104195, -0.199445, 0.0552499, -0.969979, 0.236828, -0.218134, 0.219736, 0.950857, -0.123436, 0.961497, 1.56462e-07)
bone_name = "upper_leg.r"
bone_idx = 8

[node name="HitBox" parent="Graphics/reptilemonster/Armature/Skeleton3D/UpperlegR" index="0" instance=ExtResource("3_7hmcl")]

[node name="CollisionShape3D" parent="Graphics/reptilemonster/Armature/Skeleton3D/UpperlegR/HitBox" index="0"]
transform = Transform3D(1, -5.32907e-15, 5.68434e-14, 0, 0.999672, 0.0256186, 0, -0.0256186, 0.999672, 2.08946e-08, 0.199979, 0.00022307)
shape = SubResource("CapsuleShape3D_s6aeb")

[node name="LowerarmL" type="BoneAttachment3D" parent="Graphics/reptilemonster/Armature/Skeleton3D" index="8"]
transform = Transform3D(-0.859372, 0.371408, -0.351477, -0.506519, -0.712558, 0.48549, -0.0701327, 0.595246, 0.800477, 0.43137, 1.33543, -0.00403016)
bone_name = "lower_arm.l"
bone_idx = 3

[node name="HitBox" parent="Graphics/reptilemonster/Armature/Skeleton3D/LowerarmL" index="0" instance=ExtResource("3_7hmcl")]

[node name="CollisionShape3D" parent="Graphics/reptilemonster/Armature/Skeleton3D/LowerarmL/HitBox" index="0"]
transform = Transform3D(0.996163, -0.0828649, -0.028144, 0.0835725, 0.996189, 0.0249668, 0.0259677, -0.0272229, 0.999292, -0.00394368, 0.228533, 0.0041635)
shape = SubResource("CapsuleShape3D_ejrtt")

[node name="LowerarmR" type="BoneAttachment3D" parent="Graphics/reptilemonster/Armature/Skeleton3D" index="9"]
transform = Transform3D(-0.859371, -0.371408, 0.351477, 0.506519, -0.712557, 0.485489, 0.0701327, 0.595246, 0.800477, -0.43137, 1.33543, -0.00403017)
bone_name = "lower_arm.r"
bone_idx = 5

[node name="HitBox" parent="Graphics/reptilemonster/Armature/Skeleton3D/LowerarmR" index="0" instance=ExtResource("3_7hmcl")]

[node name="CollisionShape3D" parent="Graphics/reptilemonster/Armature/Skeleton3D/LowerarmR/HitBox" index="0"]
transform = Transform3D(0.999595, 0.00413569, -0.0281643, -0.00356906, 0.999792, 0.0201335, 0.0282416, -0.0200246, 0.999401, -0.00385543, 0.249186, 0.00365002)
shape = SubResource("CapsuleShape3D_ejrtt")

[node name="UpperarmR" type="BoneAttachment3D" parent="Graphics/reptilemonster/Armature/Skeleton3D" index="10"]
transform = Transform3D(-0.768204, -0.639068, 0.0381405, 0.634004, -0.767684, -0.0932755, 0.0888892, -0.0474735, 0.994909, -0.218738, 1.59086, 0.0117653)
bone_name = "upper_arm.r"
bone_idx = 4

[node name="HitBox" parent="Graphics/reptilemonster/Armature/Skeleton3D/UpperarmR" index="0" instance=ExtResource("3_7hmcl")]

[node name="CollisionShape3D" parent="Graphics/reptilemonster/Armature/Skeleton3D/UpperarmR/HitBox" index="0"]
transform = Transform3D(1, -5.32907e-15, 5.68434e-14, 0, 0.996195, 0.0871558, 0, -0.0871558, 0.996195, 2.13602e-08, 0.109075, 0.0808757)
shape = SubResource("CapsuleShape3D_ml7rj")

[editable path="Graphics/reptilemonster"]
[editable path="Graphics/reptilemonster/Armature/Skeleton3D/Body/HitBox"]
[editable path="Graphics/reptilemonster/Armature/Skeleton3D/Head/HitBox"]
[editable path="Graphics/reptilemonster/Armature/Skeleton3D/UpperarmL/HitBox"]
[editable path="Graphics/reptilemonster/Armature/Skeleton3D/UpperlegL/HitBox"]
[editable path="Graphics/reptilemonster/Armature/Skeleton3D/LowerlegL/HitBox"]
[editable path="Graphics/reptilemonster/Armature/Skeleton3D/LowerlegR/HitBox"]
[editable path="Graphics/reptilemonster/Armature/Skeleton3D/UpperlegR/HitBox"]
[editable path="Graphics/reptilemonster/Armature/Skeleton3D/LowerarmL/HitBox"]
[editable path="Graphics/reptilemonster/Armature/Skeleton3D/LowerarmR/HitBox"]
[editable path="Graphics/reptilemonster/Armature/Skeleton3D/UpperarmR/HitBox"]
